# Peta Pertumbuhan Equitas Akun 5068888 versi Rodcill v1

| Level | Saldo Awal Perdagangan | Volume Order | Target Laba/Rugi | Saldo Jika TP | Saldo Jika SL | Perkiraan Poin (Trx) | Saldo Level Selanjutnya |
|-------|------------------------|--------------|------------------|---------------|---------------|----------------------|-------------------------|
| 28    | $10,000.00             | 9.00         | $900.00          | $10,900.00    | $9,100.00     | 200 poin 1 trx       | $10,900.00              |
| 27    | $9,200.00              | 8.00         | $800.00          | $10,000.00    | $8,400.00     | 10 poin 20 trx       | $10,000.00              |
| 26    | $8,450.00              | 7.50         | $750.00          | $9,200.00     | $7,700.00     | 15 poin 15 trx       | $9,200.00               |
| 25    | $7,750.00              | 7.00         | $700.00          | $8,450.00     | $7,500.00     | 120 poin 2 trx       | $8,450.00               |
| 24    | $7,100.00              | 6.50         | $650.00          | $7,750.00     | $6,450.00     | 20 poin 10 trx       | $7,750.00               |


# Simulasi Keuntungan 100% per Transaksi

Jika modal awal adalah **$0.40** dan setiap transaksi menghasilkan keuntungan **100%** (modal berlipat ganda di setiap transaksi), berikut adalah tabel pertumbuhannya:

| Transaksi | Modal Awal ($) | Keuntungan ($) | Modal Akhir ($) | Volume | Target Poin |
|-----------|----------------|----------------|-----------------|--------|-------------|
| 1         | 0.40           | 0.40           | 0.80            | 0.01   | 4000        |
| 2         | 0.80           | 0.80           | 1.60            | 0.02   | 4000        |
| 3         | 1.60           | 1.60           | 3.20            | 0.04   | 4000        |
| 4         | 3.20           | 3.20           | 6.40            | 0.08   | 4000        |
| 5         | 6.40           | 6.40           | 12.80           | 0.16   | 4000        |
| 6         | 12.80          | 12.80          | 25.60           | 0.32   | 4000        |
| 7         | 25.60          | 25.60          | 51.20           | 0.64   | 4000        |
| 8         | 51.20          | 51.20          | 102.40          | 1.28   | 4000        |

## Penjelasan

- **Modal Awal**: Nilai modal di awal setiap transaksi.
- **Keuntungan**: Hasil keuntungan dari transaksi tersebut (100% dari modal awal).
- **Modal Akhir**: Total modal setelah keuntungan ditambahkan.

Dibutuhkan **8 transaksi** untuk mencapai modal sekitar **$100** dengan keuntungan **100% per transaksi**.

# Simulasi Keuntungan 100% per Transaksi

Jika modal awal adalah **$0.40** dan setiap transaksi menghasilkan keuntungan **100%** (modal berlipat ganda di setiap transaksi), berikut adalah tabel pertumbuhannya:

| level | Modal Awal ($) | Keuntungan ($) | Modal Akhir ($) | Volume | Target Poin |
|-------|----------------|----------------|-----------------|--------|-------------|
| 8     | 51.20          | 51.20          | 102.40          | 1.28   | 4000        |
| 7     | 25.60          | 25.60          | 51.20           | 0.64   | 4000        |
| 6     | 12.80          | 12.80          | 25.60           | 0.32   | 4000        |
| 5     | 6.40           | 6.40           | 12.80           | 0.16   | 4000        |
| 4     | 3.20           | 3.20           | 6.40            | 0.08   | 4000        |
| 3     | 1.60           | 1.60           | 3.20            | 0.04   | 4000        |
| 2     | 0.80           | 0.80           | 1.60            | 0.02   | 4000        |
| 1     | 0.40           | 0.40           | 0.80            | 0.01   | 4000        |

